25263
877 155 337 725 363 990 955 228 882 465 957 801 971 726 547 686 127 293 221 893 411 606 204 475 857 377 828 393 301 653 650 544 575 872 42 735 462 450 160 721 131 251 242 833 846 840 865 568 845 947 776 611 521 111 529 975 19 316 35 515 524 500 646 370 938 590 746 468 232 108 47 595 987 888 361 63 850 905 867 935 902 501 49 965 358 314 
839 79 404 656 862 150 966 589 176 328 236 29 781 101 1000 115 946 580 559 977 343 815 513 583 512 319 135 703 812 446 208 522 313 919 288 754 116 799 233 827 311 898 628 26 326 8 122 516 967 168 596 563 53 123 422 215 62 309 470 186 683 214 263 610 246 412 637 206 461 981 886 56 859 793 724 102 910 219 380 476 545 532 
976 498 741 202 496 607 550 467 132 854 44 904 81 768 504 403 490 626 810 730 331 61 565 321 296 284 585 486 711 369 890 792 423 22 750 605 247 335 310 729 505 752 576 705 464 72 118 629 924 192 564 789 306 696 640 173 130 317 906 920 654 526 491 386 874 58 739 666 245 100 796 129 708 443 682 809 908 679 89 871 816 777 333 94 601 348 
158 30 408 824 493 573 164 593 889 716 438 388 210 68 782 420 401 120 339 668 272 344 978 950 197 430 114 346 578 302 883 664 55 914 743 949 963 73 315 671 569 923 237 843 953 951 852 784 707 50 217 292 20 38 351 51 642 994 921 378 473 43 269 421 334 266 818 278 757 842 922 678 674 655 731 90 598 632 169 991 970 107 988 870 
954 87 651 431 198 657 365 969 762 349 290 625 709 366 677 338 93 159 31 926 1 3 329 689 495 257 194 759 586 382 700 582 897 59 643 756 357 469 701 551 137 154 489 103 74 209 702 271 410 795 742 280 541 126 788 196 77 474 364 821 665 787 800 634 849 390 941 829 175 375 714 697 834 270 615 148 445 
444 868 588 553 993 477 392 825 185 128 765 463 48 413 546 896 837 733 291 520 60 458 428 591 397 281 797 804 572 156 86 409 900 661 996 239 830 95 860 779 562 113 560 67 75 416 690 980 88 71 163 441 728 692 235 376 617 353 499 234 32 772 517 630 899 613 14 995 525 785 542 878 82 322 429 960 
4 602 383 770 774 220 808 25 41 40 527 356 826 798 256 940 359 457 925 277 614 415 45 930 974 769 133 190 997 680 961 449 5 406 142 761 835 574 46 373 909 33 869 193 121 434 507 718 179 146 737 433 604 918 282 698 875 755 372 472 518 811 299 519 807 199 749 144 964 704 426 533 621 318 939 350 
873 537 37 863 54 141 447 727 436 506 894 778 374 11 367 624 124 732 16 943 699 379 944 806 34 402 275 327 775 395 879 352 710 279 28 227 841 201 119 13 748 956 581 78 152 691 989 451 191 167 171 736 139 832 149 992 558 485 21 265 649 200 323 452 471 641 177 394 848 240 244 104 
76 336 385 405 165 125 147 751 510 243 502 145 570 567 264 892 110 734 805 52 822 644 676 298 435 763 548 181 425 771 112 783 2 253 566 767 371 345 276 106 587 332 400 362 312 307 448 117 687 599 97 911 945 427 109 982 303 672 983 659 487 398 460 530 
258 538 531 554 866 105 212 294 69 136 355 717 917 255 216 838 15 91 670 289 207 549 453 786 887 876 99 57 483 861 66 324 509 635 283 23 295 437 180 844 153 738 18 83 927 300 764 39 523 396 297 932 858 952 354 268 780 912 556 931 847 999 
231 157 341 151 535 719 645 478 162 6 831 203 84 213 170 187 534 597 814 391 753 381 972 819 70 658 695 439 304 612 440 623 174 230 794 745 706 652 172 880 387 853 260 673 442 249 285 552 984 340 27 836 254 65 823 979 936 688 660 241 
138 723 891 864 262 418 267 760 497 631 937 536 188 968 675 143 226 455 855 511 766 747 584 64 959 211 934 320 261 417 712 619 12 603 885 694 480 80 252 161 399 758 514 330 368 916 389 720 92 622 820 985 
492 543 24 9 998 184 223 907 638 856 17 636 482 744 503 881 715 259 555 459 273 813 205 620 594 571 915 325 308 96 539 456 713 178 973 287 817 466 238 618 248 903 540 669 663 600 609 
7 224 901 681 803 895 134 98 933 419 342 633 986 790 577 347 484 479 218 195 488 494 250 740 791 229 528 958 608 286 414 627 962 36 182 454 222 685 579 166 360 
648 508 942 424 647 851 802 592 928 722 884 667 407 140 10 85 183 693 225 557 616 274 305 662 948 773 929 481 384 639 913 432 684 561 189 
